
Processing getcounts_ba212.C(23806)...

****************************************
Minimizer is Minuit / Migrad
Chi2                      =  7.74888e-23
NDf                       =            0
Edm                       =  1.54998e-22
NCalls                    =           35
p0                        =       -100.8   +/-   30.6777     
p1                        =         -240   +/-   113.137     
Counts=0
(int)0
