
Processing getcounts_ba212.C(24981)...

****************************************
Minimizer is Minuit / Migrad
Chi2                      =  3.77445e-20
NDf                       =            0
Edm                       =  7.54891e-20
NCalls                    =           47
p0                        =           97   +/-   94.0877     
p1                        =          600   +/-   141.421     
Counts=0
(int)0
