
Processing getcounts_ba212.C(24970)...

****************************************
Minimizer is Minuit / Migrad
Chi2                      =      5838.61
NDf                       =            9
Edm                       =  1.39247e-20
NCalls                    =           32
p0                        =      4.68794   +/-   71.3673     
p1                        =      388.542   +/-   143.878     
Counts=3
(int)3
