
Processing getcounts_ba212.C(24119)...

****************************************
Minimizer is Minuit / Migrad
Chi2                      =  1.26218e-29
NDf                       =            0
Edm                       =  1.61713e-27
NCalls                    =           43
p0                        =           24   +/-   63.2771     
p1                        =      387.692   +/-   194.699     
Counts=0
(int)0
