
Processing getcounts_ba212.C(24971)...

****************************************
Minimizer is Minuit / Migrad
Chi2                      =  4.75865e-18
NDf                       =            0
Edm                       =  9.51731e-18
NCalls                    =           37
p0                        =          122   +/-   34.0588     
p1                        =      654.545   +/-   51.4259     
Counts=0
(int)0
