
Processing getcounts_ba212.C(23944)...

****************************************
Minimizer is Minuit / Migrad
Chi2                      =  3.87696e-21
NDf                       =            0
Edm                       =  7.75416e-21
NCalls                    =           36
p0                        =      119.429   +/-   7.36634     
p1                        =      628.571   +/-   13.4687     
Counts=1
(int)1
