
Processing getcounts_ba212.C(24555)...

****************************************
Minimizer is Minuit / Migrad
Chi2                      =  9.61937e-22
NDf                       =            0
Edm                       =  1.92368e-21
NCalls                    =           33
p0                        =      117.333   +/-   12.395      
p1                        =      666.667   +/-   37.7124     
Counts=1
(int)1
