
Processing getcounts_ba212.C(24334)...

****************************************
Minimizer is Minuit / Migrad
Chi2                      =      4.24659
NDf                       =            2
Edm                       =  9.57174e-19
NCalls                    =           40
p0                        =      86.6842   +/-   14.1986     
p1                        =      573.489   +/-   25.734      
Counts=2
(int)2
