
Processing getcounts_ba212.C(23777)...

****************************************
Minimizer is Minuit / Migrad
Chi2                      =  1.26218e-29
NDf                       =            0
Edm                       =  2.52183e-29
NCalls                    =           39
p0                        =           32   +/-   63.2771     
p1                        =      361.905   +/-   200.88      
Counts=0
(int)0
