
Processing getcounts_ba212.C(24449)...

****************************************
Minimizer is Minuit / Migrad
Chi2                      =  6.72488e-26
NDf                       =            0
Edm                       =  1.34498e-25
NCalls                    =           38
p0                        =     -282.115   +/-   6.08252     
p1                        =      84.6154   +/-   10.8786     
Counts=0
(int)0
