
Processing getcounts_ba212.C(24348)...

****************************************
Minimizer is Minuit / Migrad
Chi2                      =      2.95522
NDf                       =            2
Edm                       =  7.77892e-20
NCalls                    =           33
p0                        =      63.2836   +/-   10.0847     
p1                        =      531.343   +/-   18.5541     
Counts=1
(int)1
