
Processing getcounts_ba212.C(23957)...

****************************************
Minimizer is Minuit / Migrad
Chi2                      =  3.15544e-30
NDf                       =            0
Edm                       =  6.30459e-30
NCalls                    =           39
p0                        =           30   +/-   63.2771     
p1                        =      360.784   +/-   248.146     
Counts=0
(int)0
