
Processing getcounts_ba212.C(24381)...

****************************************
Minimizer is Minuit / Migrad
Chi2                      =       1547.2
NDf                       =            3
Edm                       =  7.18886e-21
NCalls                    =           33
p0                        =     -5.27821   +/-   127.994     
p1                        =      400.558   +/-   210.357     
Counts=0
(int)0
